{
  "camera_angle_x": 1.1772254893194314,
  "camera_angle_y": 0.717371585352721,
  "fl_x": 2814.028417816321,
  "fl_y": 2814.0598142022977,
  "k1": 0,
  "k2": 0,
  "p1": 0,
  "p2": 0,
  "cx": 1895.1356663585545,
  "cy": 1059.4917663269823,
  "w": 3757.0,
  "h": 2110.0,
  "aabb_scale": 16,
  "frames": [
    {
      "file_path": "./../images/0256.jpeg",
      "sharpness": 73.07209592793379,
      "transform_matrix": [
        [
          0.303323206029562,
          -0.007371781460725587,
          0.9528592181441897,
          4.0641215297991025
        ],
        [
          0.952437266838981,
          0.03308953016405372,
          -0.3029328898120091,
          -1.2227880643016589
        ],
        [
          -0.029296508779918577,
          0.9994252047611589,
          0.017057981761560526,
          0.19940762554259744
        ],
        [
          0.0,
          0.0,
          0.0,
          1.0
        ]
      ]
    },
    {
      "file_path": "./../images/0257.jpeg",
      "sharpness": 75.21282736655378,
      "transform_matrix": [
        [
          0.4058427922133334,
          -0.0010944744778288993,
          0.9139422466515136,
          3.8711494483038127
        ],
        [
          0.9129969502938866,
          0.045971450822802004,
          -0.40536797414614456,
          -1.7369350657118263
        ],
        [
          -0.04157158614498903,
          0.9989421544389085,
          0.019656433824456192,
          0.21317603223680476
        ],
        [
          0.0,
          0.0,
          0.0,
          1.0
        ]
      ]
    },
    {
      "file_path": "./../images/0255.jpeg",
      "sharpness": 71.69079147456146,
      "transform_matrix": [
        [
          0.21301344219057297,
          -0.011642461952152865,
          0.9769799008199347,
          4.208638059858745
        ],
        [
          0.9768688099140251,
          0.021755198035389965,
          -0.21272996868245406,
          -0.6953643404719644
        ],
        [
          -0.018777690652465172,
          0.9996955359100341,
          0.01600730757072503,
          0.19303105742410262
        ],
        [
          0.0,
          0.0,
          0.0,
          1.0
        ]
      ]
    },
    {
      "file_path": "./../images/0254.jpeg",
      "sharpness": 70.65278513171305,
      "transform_matrix": [
        [
          0.10094851747040061,
          -0.015310431491787764,
          0.9947738374064615,
          4.299600829542691
        ],
        [
          0.994872252693219,
          0.007797331086964741,
          -0.10083849686047872,
          -0.16181698595333205
        ],
        [
          -0.006212700068991394,
          0.9998523853028528,
          0.016019052481395388,
          0.19291792576034422
        ],
        [
          0.0,
          0.0,
          0.0,
          1.0
        ]
      ]
    },
    {
      "file_path": "./../images/0252.jpeg",
      "sharpness": 66.56178782813207,
      "transform_matrix": [
        [
          -0.15381379023727787,
          -0.01810269665021498,
          0.9879340111501101,
          4.2780088611722205
        ],
        [
          0.9878720419362357,
          -0.024285908159680555,
          0.15335913218857258,
          0.9148346868402252
        ],
        [
          0.02121666081406645,
          0.9995411382825394,
          0.021618655487795044,
          0.21493740241672016
        ],
        [
          0.0,
          0.0,
          0.0,
          1.0
        ]
      ]
    },
    {
      "file_path": "./../images/0253.jpeg",
      "sharpness": 68.2421543536683,
      "transform_matrix": [
        [
          -0.02689512042369544,
          -0.01772440947523266,
          0.9994811143220578,
          4.323596935702102
        ],
        [
          0.9996090940563527,
          -0.008114622925626366,
          0.026754662671268747,
          0.3771695130155986
        ],
        [
          0.007636201767451061,
          0.9998099810883451,
          0.01793572465899862,
          0.19944590171888069
        ],
        [
          0.0,
          0.0,
          0.0,
          1.0
        ]
      ]
    },
    {
      "file_path": "./../images/0251.jpeg",
      "sharpness": 66.33993630129558,
      "transform_matrix": [
        [
          -0.2775169514485903,
          -0.016424557571358495,
          0.9605803327403591,
          4.164107655658558
        ],
        [
          0.9601015555815112,
          -0.040633026717177584,
          0.2766838631178267,
          1.4489604730874663
        ],
        [
          0.03448687628538975,
          0.9990391339325025,
          0.027045596976679766,
          0.23934506058465974
        ],
        [
          0.0,
          0.0,
          0.0,
          1.0
        ]
      ]
    },
    {
      "file_path": "./../images/0247.jpeg",
      "sharpness": 71.12046416581016,
      "transform_matrix": [
        [
          -0.6978162811476272,
          0.007927561057980965,
          0.7162329171584345,
          3.1034761972903606
        ],
        [
          0.712309969649729,
          -0.0974108884473762,
          0.6950723889995454,
          3.3163812159022665
        ],
        [
          0.07527911359916972,
          0.9952126771033212,
          0.062328023143027836,
          0.3936608190758532
        ],
        [
          0.0,
          0.0,
          0.0,
          1.0
        ]
      ]
    },
    {
      "file_path": "./../images/0250.jpeg",
      "sharpness": 66.58108923346127,
      "transform_matrix": [
        [
          -0.3902962505489378,
          -0.01300164701705404,
          0.9205975201262483,
          3.9922865707584783
        ],
        [
          0.9195388646464826,
          -0.0554754597901175,
          0.3890639404593719,
          1.9462920043242804
        ],
        [
          0.046012098689728685,
          0.9983753956383455,
          0.0336073836901574,
          0.2681661752466473
        ],
        [
          0.0,
          0.0,
          0.0,
          1.0
        ]
      ]
    },
    {
      "file_path": "./../images/0249.jpeg",
      "sharpness": 67.7884274155473,
      "transform_matrix": [
        [
          -0.5013484050919901,
          -0.00795057818322959,
          0.8652089719244613,
          3.7512232556489247
        ],
        [
          0.8633985816657639,
          -0.0698978455099802,
          0.4996570627647037,
          2.439495358314993
        ],
        [
          0.056503680511111196,
          0.997522470714106,
          0.04190769129261815,
          0.3055456368237194
        ],
        [
          0.0,
          0.0,
          0.0,
          1.0
        ]
      ]
    },
    {
      "file_path": "./../images/0248.jpeg",
      "sharpness": 69.47594556501451,
      "transform_matrix": [
        [
          -0.6046907153279559,
          -0.0010116974257062517,
          0.7964597386841326,
          3.4534009622495963
        ],
        [
          0.793693233811415,
          -0.08405127275303413,
          0.6024835550872851,
          2.8981198008184017
        ],
        [
          0.0663339236712381,
          0.9964609174958645,
          0.05162800164670494,
          0.3470703175932327
        ],
        [
          0.0,
          0.0,
          0.0,
          1.0
        ]
      ]
    },
    {
      "file_path": "./../images/0246.jpeg",
      "sharpness": 72.79120793075772,
      "transform_matrix": [
        [
          -0.7778197463750333,
          0.017851663508471515,
          0.6282338420837994,
          2.7072586146641813
        ],
        [
          0.6230454013828381,
          -0.10935708547081535,
          0.7745033606596343,
          3.6872849683741684
        ],
        [
          0.0825279953450932,
          0.9938422138582711,
          0.07393770362923545,
          0.44292329846674816
        ],
        [
          0.0,
          0.0,
          0.0,
          1.0
        ]
      ]
    },
    {
      "file_path": "./../images/0244.jpeg",
      "sharpness": 76.37622307515592,
      "transform_matrix": [
        [
          -0.9032896972301768,
          0.04169847122271456,
          0.4269999536953333,
          1.8069845205511792
        ],
        [
          0.41901771900809925,
          -0.12802891736494965,
          0.8989064175294605,
          4.270509651258007
        ],
        [
          0.09215136516976305,
          0.9908934523424323,
          0.09817480370542611,
          0.5534271857415819
        ],
        [
          0.0,
          0.0,
          0.0,
          1.0
        ]
      ]
    },
    {
      "file_path": "./../images/0245.jpeg",
      "sharpness": 73.78660363227891,
      "transform_matrix": [
        [
          -0.8466275799529009,
          0.029284063521164548,
          0.531379510864971,
          2.275433626203616
        ],
        [
          0.5248430434401092,
          -0.11934815271075816,
          0.8427904829772901,
          4.005190844187251
        ],
        [
          0.08809949304862046,
          0.9924205067144876,
          0.08567390067861697,
          0.49615324401374505
        ],
        [
          0.0,
          0.0,
          0.0,
          1.0
        ]
      ]
    },
    {
      "file_path": "./../images/0243.jpeg",
      "sharpness": 76.74410446270944,
      "transform_matrix": [
        [
          -0.9466761254557923,
          0.05510123001442407,
          0.3174400227180241,
          1.3110782364786129
        ],
        [
          0.30791001559954917,
          -0.13531570432504914,
          0.9417436394563766,
          4.479461159081286
        ],
        [
          0.0948458531473555,
          0.9892691821202273,
          0.11113392609046342,
          0.6124855867659647
        ],
        [
          0.0,
          0.0,
          0.0,
          1.0
        ]
      ]
    },
    {
      "file_path": "./../images/0241.jpeg",
      "sharpness": 80.53435504894516,
      "transform_matrix": [
        [
          -0.9925525314301206,
          0.0834790114659684,
          0.08871711828411487,
          0.2786890850105238
        ],
        [
          0.07601157324838095,
          -0.14469094932167648,
          0.9865529737002159,
          4.711586525928695
        ],
        [
          0.09519303106891766,
          0.9859491791709007,
          0.13726799702950934,
          0.7336271866075357
        ],
        [
          0.0,
          0.0,
          0.0,
          1.0
        ]
      ]
    },
    {
      "file_path": "./../images/0242.jpeg",
      "sharpness": 78.4024862213403,
      "transform_matrix": [
        [
          -0.9763203539729732,
          0.06884067751238923,
          0.20508419641219602,
          0.799016749292146
        ],
        [
          0.1940057993783317,
          -0.14080082979114208,
          0.9708433839388001,
          4.625723847862754
        ],
        [
          0.09570954134065436,
          0.9876416797242599,
          0.12411122531083928,
          0.6735965951458996
        ],
        [
          0.0,
          0.0,
          0.0,
          1.0
        ]
      ]
    },
    {
      "file_path": "./../images/0240.jpeg",
      "sharpness": 80.05549766309585,
      "transform_matrix": [
        [
          -0.9938093518703827,
          0.10102409134076898,
          -0.046228834984834204,
          -0.2415704923781307
        ],
        [
          -0.060822686505494356,
          -0.14652753069931154,
          0.9873349399030996,
          4.731542270395112
        ],
        [
          0.09297081811526953,
          0.9840344586418796,
          0.15176498695257237,
          0.7925715180754915
        ],
        [
          0.0,
          0.0,
          0.0,
          1.0
        ]
      ]
    },
    {
      "file_path": "./../images/0239.jpeg",
      "sharpness": 80.20329180155902,
      "transform_matrix": [
        [
          -0.9735277936938628,
          0.12087717900381861,
          -0.19399057343580314,
          -0.7616950610329342
        ],
        [
          -0.21072670365482962,
          -0.1459201800098619,
          0.9665927567661055,
          4.674258861297023
        ],
        [
          0.08853186628744214,
          0.9818839079752121,
          0.1675294003789817,
          0.84781721938226
        ],
        [
          0.0,
          0.0,
          0.0,
          1.0
        ]
      ]
    },
    {
      "file_path": "./../images/0238.jpeg",
      "sharpness": 78.65942921578876,
      "transform_matrix": [
        [
          -0.9304912678808647,
          0.14053709852359295,
          -0.3382829058884644,
          -1.252300226335763
        ],
        [
          -0.35706792546548594,
          -0.1417985695244614,
          0.9232527618613612,
          4.542581548480975
        ],
        [
          0.08178323220632742,
          0.9798686083849183,
          0.18212362096126702,
          0.9002639310918086
        ],
        [
          0.0,
          0.0,
          0.0,
          1.0
        ]
      ]
    },
    {
      "file_path": "./../images/0237.jpeg",
      "sharpness": 81.63468323167184,
      "transform_matrix": [
        [
          -0.8628115997273572,
          0.16001502258645017,
          -0.47953241392307316,
          -1.7220332082166152
        ],
        [
          -0.5003059661042846,
          -0.1343264517433134,
          0.8553656204469232,
          4.330745967498277
        ],
        [
          0.07245746141729491,
          0.9779323069556963,
          0.19595489118066087,
          0.945639579531118
        ],
        [
          0.0,
          0.0,
          0.0,
          1.0
        ]
      ]
    },
    {
      "file_path": "./../images/0233.jpeg",
      "sharpness": 84.80938582882514,
      "transform_matrix": [
        [
          -0.7483137418110538,
          0.22783430850811057,
          -0.6229912292831122,
          -3.142509864742313
        ],
        [
          -0.6607513736225951,
          -0.17304442477967205,
          0.7303856853119222,
          3.2474831470321157
        ],
        [
          0.05860175864318736,
          0.9581999556446414,
          0.2800333533115061,
          1.0900452978874855
        ],
        [
          0.0,
          0.0,
          0.0,
          1.0
        ]
      ]
    },
    {
      "file_path": "./../images/0234.jpeg",
      "sharpness": 85.35614076470665,
      "transform_matrix": [
        [
          -0.7553000126228997,
          0.22685835518374806,
          -0.6148635439636055,
          -2.879239544353494
        ],
        [
          -0.6527048646557734,
          -0.1757109955996737,
          0.736954547906518,
          3.4761362916009313
        ],
        [
          0.059146011115466406,
          0.9579462055808309,
          0.28078606921065563,
          1.061990379696423
        ],
        [
          0.0,
          0.0,
          0.0,
          1.0
        ]
      ]
    },
    {
      "file_path": "./../images/0232.jpeg",
      "sharpness": 80.58862597021457,
      "transform_matrix": [
        [
          -0.6529890547156931,
          0.24587180693015223,
          -0.7163465286149718,
          -3.288948733754407
        ],
        [
          -0.7557916064935365,
          -0.15056441749232352,
          0.6372671368736641,
          3.0969398686937533
        ],
        [
          0.04882972463677103,
          0.957537158976488,
          0.28414476460333965,
          1.1032757343391615
        ],
        [
          0.0,
          0.0,
          0.0,
          1.0
        ]
      ]
    },
    {
      "file_path": "./../images/0236.jpeg",
      "sharpness": 76.63118236164343,
      "transform_matrix": [
        [
          -0.7735374220868951,
          0.17883472809805626,
          -0.6079950630865089,
          -2.1478188492621872
        ],
        [
          -0.6307260366106203,
          -0.12362227933793599,
          0.7660954240777007,
          4.057960212313008
        ],
        [
          0.06184273133713411,
          0.9760817958330094,
          0.20842217853319808,
          0.9895222862199408
        ],
        [
          0.0,
          0.0,
          0.0,
          1.0
        ]
      ]
    },
    {
      "file_path": "./../images/0235.jpeg",
      "sharpness": 78.45227607561316,
      "transform_matrix": [
        [
          -0.7609696155802634,
          0.18463145434846168,
          -0.6219617916794494,
          -2.533453837256622
        ],
        [
          -0.6460825743203462,
          -0.12820505385849512,
          0.7524232660708832,
          3.753847813287746
        ],
        [
          0.05918235690009672,
          0.9744099190327601,
          0.21684731587610975,
          1.028817620228522
        ],
        [
          0.0,
          0.0,
          0.0,
          1.0
        ]
      ]
    },
    {
      "file_path": "./../images/0231.jpeg",
      "sharpness": 79.72652766669339,
      "transform_matrix": [
        [
          -0.6348242120840717,
          0.2499057394893182,
          -0.7311260775013069,
          -3.3009635040658307
        ],
        [
          -0.771234068665542,
          -0.1475547098857696,
          0.6192137102165618,
          3.0723876799438683
        ],
        [
          0.04686396389796835,
          0.9569611951586955,
          0.28640712269174595,
          1.1987473377595195
        ],
        [
          0.0,
          0.0,
          0.0,
          1.0
        ]
      ]
    },
    {
      "file_path": "./../images/0230.jpeg",
      "sharpness": 78.9840723477551,
      "transform_matrix": [
        [
          -0.6352118479103076,
          0.24977642453303855,
          -0.730833528310091,
          -3.2847310009136237
        ],
        [
          -0.7709044264366315,
          -0.1474215172572922,
          0.6196557605235401,
          3.065365689299935
        ],
        [
          0.04703481269889678,
          0.9570154826729754,
          0.2861976456907805,
          1.3565486758631418
        ],
        [
          0.0,
          0.0,
          0.0,
          1.0
        ]
      ]
    },
    {
      "file_path": "./../images/0229.jpeg",
      "sharpness": 78.66789237710248,
      "transform_matrix": [
        [
          -0.6355551855397606,
          0.24971999713001694,
          -0.7305542616720665,
          -3.265401515974072
        ],
        [
          -0.7706213252588019,
          -0.1475392356504766,
          0.6199797956386017,
          3.0649381859499853
        ],
        [
          0.04703593541924504,
          0.9570120673511875,
          0.28620888142019074,
          1.5311619701057793
        ],
        [
          0.0,
          0.0,
          0.0,
          1.0
        ]
      ]
    },
    {
      "file_path": "./../images/0228.jpeg",
      "sharpness": 78.27642510880926,
      "transform_matrix": [
        [
          -0.6365101694195963,
          0.24875363061324404,
          -0.730052351247826,
          -3.2445942245139987
        ],
        [
          -0.769902647509087,
          -0.1486231132577408,
          0.6206134735599248,
          3.0627107396914655
        ],
        [
          0.04587720147194243,
          0.9570960252456474,
          0.2861162017859868,
          1.7089243118554602
        ],
        [
          0.0,
          0.0,
          0.0,
          1.0
        ]
      ]
    },
    {
      "file_path": "./../images/0227.jpeg",
      "sharpness": 77.26509664852271,
      "transform_matrix": [
        [
          -0.6375845404860658,
          0.24859137513189755,
          -0.7291695838579095,
          -3.22465581357425
        ],
        [
          -0.7690810768522842,
          -0.1504438720049237,
          0.6211931572417208,
          3.0611220940952264
        ],
        [
          0.04472416563744173,
          0.9568536824744244,
          0.28710760948383396,
          1.8875433983636671
        ],
        [
          0.0,
          0.0,
          0.0,
          1.0
        ]
      ]
    },
    {
      "file_path": "./../images/0226.jpeg",
      "sharpness": 78.72656108835213,
      "transform_matrix": [
        [
          -0.6384547592678625,
          0.25644127369442504,
          -0.7256813306090422,
          -3.2034007601545578
        ],
        [
          -0.7684102534955156,
          -0.15868504002556252,
          0.6199715641826519,
          3.056963479134087
        ],
        [
          0.0438315265798247,
          0.9534447709734122,
          0.29836532315517744,
          2.068585875885042
        ],
        [
          0.0,
          0.0,
          0.0,
          1.0
        ]
      ]
    },
    {
      "file_path": "./../images/0224.jpeg",
      "sharpness": 94.32565132271286,
      "transform_matrix": [
        [
          -0.6406483920257108,
          0.3730359472343586,
          -0.671128765548124,
          -3.146526277779581
        ],
        [
          -0.7667127348206749,
          -0.26356383703468317,
          0.5853936163568889,
          3.0349269315100313
        ],
        [
          0.041487589590424916,
          0.8895944502713828,
          0.45486315968287283,
          2.4489771212856093
        ],
        [
          0.0,
          0.0,
          0.0,
          1.0
        ]
      ]
    },
    {
      "file_path": "./../images/0225.jpeg",
      "sharpness": 81.42577771999802,
      "transform_matrix": [
        [
          -0.639369320354726,
          0.28052951875047494,
          -0.7158980803012922,
          -3.1853834258375415
        ],
        [
          -0.7677004405072132,
          -0.18092383744500345,
          0.614737829232304,
          3.0558575154865046
        ],
        [
          0.04292907948462888,
          0.9426397796781686,
          0.33103978610319684,
          2.2424370813320134
        ],
        [
          0.0,
          0.0,
          0.0,
          1.0
        ]
      ]
    },
    {
      "file_path": "./../images/0223.jpeg",
      "sharpness": 89.47359593141849,
      "transform_matrix": [
        [
          -0.64174572867213,
          0.42847498787935084,
          -0.6360594347804145,
          -3.141311352743499
        ],
        [
          -0.7657468121031293,
          -0.3121866003568148,
          0.5622911579525236,
          3.049361510549398
        ],
        [
          0.0423584645193988,
          0.8479084333773587,
          0.5284477733621988,
          2.595723161611957
        ],
        [
          0.0,
          0.0,
          0.0,
          1.0
        ]
      ]
    },
    {
      "file_path": "./../images/0222.jpeg",
      "sharpness": 88.89598219537726,
      "transform_matrix": [
        [
          -0.6434991549094893,
          0.4298260070946496,
          -0.6333706981982644,
          -3.1328042614341607
        ],
        [
          -0.7642192833016999,
          -0.3139255910501985,
          0.5634000446518095,
          3.048312176339099
        ],
        [
          0.04333272080386742,
          0.8465815536507825,
          0.5304921756315689,
          2.7746429502855974
        ],
        [
          0.0,
          0.0,
          0.0,
          1.0
        ]
      ]
    },
    {
      "file_path": "./../images/0219.jpeg",
      "sharpness": 88.83241845689768,
      "transform_matrix": [
        [
          -0.5355139113676262,
          0.4717685706451802,
          -0.7004707464009206,
          -3.8341943733307864
        ],
        [
          -0.8439983649172559,
          -0.2696353606135943,
          0.4636415990005809,
          2.057292153313997
        ],
        [
          0.029859852147064207,
          0.8394826907882886,
          0.5425653888490898,
          3.057675974584119
        ],
        [
          0.0,
          0.0,
          0.0,
          1.0
        ]
      ]
    },
    {
      "file_path": "./../images/0218.jpeg",
      "sharpness": 90.08072570934229,
      "transform_matrix": [
        [
          -0.4386767754731629,
          0.4975232968984596,
          -0.7483536969802902,
          -4.082526929536138
        ],
        [
          -0.8984592817665209,
          -0.2258919030381659,
          0.37648873442564385,
          1.5750267032138972
        ],
        [
          0.018264875640050308,
          0.8375221891160461,
          0.546097955623781,
          3.075572679105563
        ],
        [
          0.0,
          0.0,
          0.0,
          1.0
        ]
      ]
    },
    {
      "file_path": "./../images/0213.jpeg",
      "sharpness": 91.14298437306978,
      "transform_matrix": [
        [
          0.20498992653136058,
          0.5401237072482408,
          -0.8162386360430373,
          -4.391359280377056
        ],
        [
          -0.9771668702700199,
          0.06531429975371054,
          -0.2021854344269574,
          -0.9655188092644893
        ],
        [
          -0.05589309144920952,
          0.8390473307245374,
          0.541179766078364,
          3.0632744040384203
        ],
        [
          0.0,
          0.0,
          0.0,
          1.0
        ]
      ]
    },
    {
      "file_path": "./../images/0221.jpeg",
      "sharpness": 90.63379901624646,
      "transform_matrix": [
        [
          -0.643644074452882,
          0.4327804328557337,
          -0.6312078916167079,
          -3.2396979815459717
        ],
        [
          -0.764092700911686,
          -0.3166017182234934,
          0.5620726789583861,
          2.893279014724558
        ],
        [
          0.043412554253913854,
          0.8440760919656035,
          0.5344631897386188,
          2.9715528501406143
        ],
        [
          0.0,
          0.0,
          0.0,
          1.0
        ]
      ]
    },
    {
      "file_path": "./../images/0214.jpeg",
      "sharpness": 92.29385953232537,
      "transform_matrix": [
        [
          0.04014630291583223,
          0.5475985939020547,
          -0.8357775148919688,
          -4.481284605522915
        ],
        [
          -0.9984861929687746,
          -0.009487933382598965,
          -0.05417842348103336,
          -0.4529228825163835
        ],
        [
          -0.03759782990201305,
          0.8366873724139577,
          0.546388729852694,
          3.082215571666412
        ],
        [
          0.0,
          0.0,
          0.0,
          1.0
        ]
      ]
    },
    {
      "file_path": "./../images/0220.jpeg",
      "sharpness": 88.81943005002498,
      "transform_matrix": [
        [
          -0.6230147422589333,
          0.4427602492916151,
          -0.6448379584481468,
          -3.5332016369995327
        ],
        [
          -0.7811287505045186,
          -0.30882986046700595,
          0.5426435224152397,
          2.505653224780664
        ],
        [
          0.0411157645296814,
          0.8417763830164968,
          0.538258316222943,
          3.032096530453081
        ],
        [
          0.0,
          0.0,
          0.0,
          1.0
        ]
      ]
    },
    {
      "file_path": "./../images/0215.jpeg",
      "sharpness": 94.42266830798937,
      "transform_matrix": [
        [
          -0.11181228726267514,
          0.5434694416719112,
          -0.8319489037592531,
          -4.484037511098941
        ],
        [
          -0.9935176988012913,
          -0.078414940025026,
          0.08230236539431038,
          0.05777417968055961
        ],
        [
          -0.02050840282304448,
          0.8357583761050168,
          0.5487142628584636,
          3.09356301591507
        ],
        [
          0.0,
          0.0,
          0.0,
          1.0
        ]
      ]
    },
    {
      "file_path": "./../images/0216.jpeg",
      "sharpness": 93.98760879362075,
      "transform_matrix": [
        [
          -0.23102492863036408,
          0.5324385735557727,
          -0.8143320255408983,
          -4.4135651098521
        ],
        [
          -0.9729255412184883,
          -0.13208926294846643,
          0.18965315145940262,
          0.5729259241834475
        ],
        [
          -0.006585863615627823,
          0.8360990324613587,
          0.5485389998878568,
          3.096271631547401
        ],
        [
          0.0,
          0.0,
          0.0,
          1.0
        ]
      ]
    },
    {
      "file_path": "./../images/0212.jpeg",
      "sharpness": 91.12653416393003,
      "transform_matrix": [
        [
          0.3489600787707657,
          0.5227910746101869,
          -0.7777636889264884,
          -4.211719819928999
        ],
        [
          -0.934463297019333,
          0.1314606792160773,
          -0.3309024574460656,
          -1.4508440714182744
        ],
        [
          -0.07074750850350231,
          0.8422633686719851,
          0.5344036002070165,
          3.035023888581304
        ],
        [
          0.0,
          0.0,
          0.0,
          1.0
        ]
      ]
    },
    {
      "file_path": "./../images/0217.jpeg",
      "sharpness": 91.89417568659296,
      "transform_matrix": [
        [
          -0.3366129505924887,
          0.5170525205643357,
          -0.7869869201910528,
          -4.280667668239563
        ],
        [
          -0.9416257103070267,
          -0.17975070171083846,
          0.28465893086866,
          1.0794067144327273
        ],
        [
          0.00572216656519628,
          0.8368670003594428,
          0.5473763610163874,
          3.0877379350468326
        ],
        [
          0.0,
          0.0,
          0.0,
          1.0
        ]
      ]
    },
    {
      "file_path": "./../images/0211.jpeg",
      "sharpness": 91.52486503513626,
      "transform_matrix": [
        [
          0.42052258244390234,
          0.5097774099154884,
          -0.7505249829785021,
          -3.9679971468115744
        ],
        [
          -0.9038948751969103,
          0.163984586211668,
          -0.3950735502128571,
          -1.9273865427808314
        ],
        [
          -0.07832504237837805,
          0.8445330354123076,
          0.5297444099884897,
          2.99934912147179
        ],
        [
          0.0,
          0.0,
          0.0,
          1.0
        ]
      ]
    },
    {
      "file_path": "./../images/0210.jpeg",
      "sharpness": 93.67472871429553,
      "transform_matrix": [
        [
          0.48839106631847023,
          0.4944743812094484,
          -0.7190057390230995,
          -3.686017661564404
        ],
        [
          -0.8684135891563332,
          0.19456046728440024,
          -0.45607462408988664,
          -2.3778475538538197
        ],
        [
          -0.08562712496767884,
          0.8471371264291073,
          0.5244298662124024,
          2.9594761786315282
        ],
        [
          0.0,
          0.0,
          0.0,
          1.0
        ]
      ]
    },
    {
      "file_path": "./../images/0209.jpeg",
      "sharpness": 94.85377096718288,
      "transform_matrix": [
        [
          0.5606290898958239,
          0.474751655728357,
          -0.678458465218083,
          -3.3795536603419185
        ],
        [
          -0.8228309744609053,
          0.2273972856156912,
          -0.5208067414717029,
          -2.7850554448947915
        ],
        [
          -0.09297424943460159,
          0.8502360495495359,
          0.5181259007893981,
          2.9171856350810255
        ],
        [
          0.0,
          0.0,
          0.0,
          1.0
        ]
      ]
    },
    {
      "file_path": "./../images/0208.jpeg",
      "sharpness": 96.40715043646908,
      "transform_matrix": [
        [
          0.6216165627248912,
          0.45489407375880847,
          -0.6377023056924911,
          -3.024487770517265
        ],
        [
          -0.7770974014552989,
          0.2556953133489782,
          -0.5750995873610325,
          -3.168686229749588
        ],
        [
          -0.09855190323426251,
          0.8530482333755562,
          0.5124414444442414,
          2.8717530568208356
        ],
        [
          0.0,
          0.0,
          0.0,
          1.0
        ]
      ]
    },
    {
      "file_path": "./../images/0207.jpeg",
      "sharpness": 97.66375423058209,
      "transform_matrix": [
        [
          0.6843513514757736,
          0.4311730188578977,
          -0.5880077003089006,
          -2.631331867388448
        ],
        [
          -0.7215638160552132,
          0.284426158066434,
          -0.6312269163838363,
          -3.534991924997695
        ],
        [
          -0.10492324400924097,
          0.8562660734199042,
          0.5057662745349771,
          2.8219906080281345
        ],
        [
          0.0,
          0.0,
          0.0,
          1.0
        ]
      ]
    },
    {
      "file_path": "./../images/0200.jpeg",
      "sharpness": 109.46785778642528,
      "transform_matrix": [
        [
          0.9873356901099926,
          0.06476112211882575,
          0.1448248327368213,
          0.803165332771636
        ],
        [
          0.10323380557451386,
          0.4308992395696796,
          -0.8964756699012619,
          -4.384918920111467
        ],
        [
          -0.12046168063213404,
          0.9000732428338948,
          0.41875666097879843,
          2.4285421980137976
        ],
        [
          0.0,
          0.0,
          0.0,
          1.0
        ]
      ]
    },
    {
      "file_path": "./../images/0203.jpeg",
      "sharpness": 107.52103305964592,
      "transform_matrix": [
        [
          0.9423257185794435,
          0.25033157095746994,
          -0.22216287891097816,
          -0.7535565260263832
        ],
        [
          -0.3105548284788817,
          0.4064324670603648,
          -0.8592836250201201,
          -4.427072543327592
        ],
        [
          -0.12481161278429427,
          0.8787188141652073,
          0.4607334446582203,
          2.598218887649677
        ],
        [
          0.0,
          0.0,
          0.0,
          1.0
        ]
      ]
    },
    {
      "file_path": "./../images/0201.jpeg",
      "sharpness": 109.92358703186564,
      "transform_matrix": [
        [
          0.9919457105375113,
          0.12279132780707655,
          0.03108049616592383,
          0.28893772399719647
        ],
        [
          -0.025203070092027206,
          0.4318108346365099,
          -0.9016120054372048,
          -4.480265354478265
        ],
        [
          -0.12413103030476015,
          0.8935668374391936,
          0.4314276236227234,
          2.48315345061719
        ],
        [
          0.0,
          0.0,
          0.0,
          1.0
        ]
      ]
    },
    {
      "file_path": "./../images/0205.jpeg",
      "sharpness": 105.15224563967732,
      "transform_matrix": [
        [
          0.8397044808115854,
          0.3474968620918307,
          -0.4173036254594358,
          -1.7466663153150241
        ],
        [
          -0.5300054381194589,
          0.35705176595339333,
          -0.7691607582250952,
          -4.105125506799251
        ],
        [
          -0.11828195351834904,
          0.8670409259865165,
          0.48399319439087235,
          2.7149957385069845
        ],
        [
          0.0,
          0.0,
          0.0,
          1.0
        ]
      ]
    },
    {
      "file_path": "./../images/0202.jpeg",
      "sharpness": 109.13108611282259,
      "transform_matrix": [
        [
          0.9745606420162236,
          0.19469476073311856,
          -0.11102029209253898,
          -0.23347784719681447
        ],
        [
          -0.18547940103032012,
          0.42255098343363284,
          -0.887157290559427,
          -4.494494709898462
        ],
        [
          -0.12581314281331768,
          0.8851805559365044,
          0.4479134253041883,
          2.5414789969980855
        ],
        [
          0.0,
          0.0,
          0.0,
          1.0
        ]
      ]
    },
    {
      "file_path": "./../images/0206.jpeg",
      "sharpness": 99.66508540434639,
      "transform_matrix": [
        [
          0.7677655601047142,
          0.39162069662536125,
          -0.507118600301817,
          -2.2073330966992875
        ],
        [
          -0.6308118324020342,
          0.32327469346359444,
          -0.7053863513477185,
          -3.848826376777421
        ],
        [
          -0.11230528424255823,
          0.8614677606342463,
          0.4952381453395618,
          2.7701062365695033
        ],
        [
          0.0,
          0.0,
          0.0,
          1.0
        ]
      ]
    },
    {
      "file_path": "./../images/0204.jpeg",
      "sharpness": 106.83282981601666,
      "transform_matrix": [
        [
          0.8985125266788461,
          0.29958134083620014,
          -0.3208212270163762,
          -1.2578476036465875
        ],
        [
          -0.42153898789641475,
          0.385116830026569,
          -0.8209688842542042,
          -4.299356285839491
        ],
        [
          -0.12239330517589289,
          0.8728894818481279,
          0.4723175112224631,
          2.655876638604785
        ],
        [
          0.0,
          0.0,
          0.0,
          1.0
        ]
      ]
    },
    {
      "file_path": "./../images/0196.jpeg",
      "sharpness": 110.78796208364723,
      "transform_matrix": [
        [
          0.7952988063524453,
          -0.16007701825813267,
          0.5847009123648381,
          2.631764023975889
        ],
        [
          0.5997557527968777,
          0.3482179786221735,
          -0.7204424170961747,
          -3.3102003858566347
        ],
        [
          -0.08827709584678699,
          0.923644730218653,
          0.3729444553395619,
          2.2499865156040393
        ],
        [
          0.0,
          0.0,
          0.0,
          1.0
        ]
      ]
    },
    {
      "file_path": "./../images/0199.jpeg",
      "sharpness": 111.12106873969209,
      "transform_matrix": [
        [
          0.9659272751001178,
          0.007306359000353481,
          0.25871048764233096,
          1.31234864067985
        ],
        [
          0.23146784212232038,
          0.4228189393295584,
          -0.8761545426507269,
          -4.224977815068226
        ],
        [
          -0.11578919360675992,
          0.9061847282581901,
          0.40672115877573956,
          2.377561487049563
        ],
        [
          0.0,
          0.0,
          0.0,
          1.0
        ]
      ]
    },
    {
      "file_path": "./../images/0197.jpeg",
      "sharpness": 109.07602347551676,
      "transform_matrix": [
        [
          0.8618014810871771,
          -0.11328756364554611,
          0.4944331453285848,
          2.22626554602901
        ],
        [
          0.4976389334761752,
          0.37763511963478547,
          -0.7808631175226276,
          -3.672501321584877
        ],
        [
          -0.09825323986275913,
          0.9189981743239384,
          0.3818228077604753,
          2.2869663796815134
        ],
        [
          0.0,
          0.0,
          0.0,
          1.0
        ]
      ]
    },
    {
      "file_path": "./../images/0198.jpeg",
      "sharpness": 108.74612616740306,
      "transform_matrix": [
        [
          0.9131842655996516,
          -0.06576468152661742,
          0.402205797826486,
          1.7820792158963394
        ],
        [
          0.3933884312562363,
          0.40010833188407285,
          -0.8277432361008713,
          -3.9835474870488605
        ],
        [
          -0.1064896205344726,
          0.9141052070129777,
          0.3912436981096808,
          2.329966820567705
        ],
        [
          0.0,
          0.0,
          0.0,
          1.0
        ]
      ]
    },
    {
      "file_path": "./../images/0195.jpeg",
      "sharpness": 112.07344520872024,
      "transform_matrix": [
        [
          0.727699361735863,
          -0.19726588494205843,
